0
1
3
7
13
22
34
50
70
95
125
161
203
252
308
372
444
525
615
715
825
946
1078
1222
1378
1547
1729
1925
2135
2360
2600
2856
3128
3417
3723
4047
4389
4750
5130
5530
5950
6391
6853
7337
7843
8372
8924
9500
10100
10725
11375
12051
12753
13482
14238
15022
15834
16675
17545
18445
19375
20336
21328
22352
23408
24497
25619
26775
27965
29190
30450
31746
33078
34447
35853
37297
38779
40300
41860
43460
45100
46781
48503
50267
52073
53922
55814
57750
59730
61755
63825
65941
68103
70312
72568
74872
77224
79625
82075
84575
87125
89726
92378
95082
97838
100647
103509
106425
109395
112420
115500
118636
121828
125077
128383
131747
135169
138650
142190
145790
149450
153171
156953
160797
164703
168672
172704
176800
180960
185185
189475
193831
198253
202742
207298
211922
216614
221375
226205
231105
236075
241116
246228
251412
256668
261997
267399
272875
278425
284050
289750
295526
301378
307307
313313
319397
325559
331800
338120
344520
351000
357561
364203
370927
377733
384622
391594
398650
405790
413015
420325
427721
435203
442772
450428
458172
466004
473925
481935
490035
498225
506506
514878
523342
531898
540547
549289
558125
567055
576080
585200
594416
603728
613137
622643
632247
641949
651750
661650
671650
681750
691951
702253
712657
723163
733772
744484
755300
766220
777245
788375
799611
810953
822402
833958
845622
857394
869275
881265
893365
905575
917896
930328
942872
955528
968297
981179
994175
1007285
1020510
1033850
1047306
1060878
1074567
1088373
1102297
1116339
1130500
1144780
1159180
1173700
1188341
1203103
1217987
1232993
1248122
1263374
1278750
1294250
1309875
1325625
1341501
1357503
1373632
1389888
1406272
1422784
1439425
1456195
1473095
1490125
1507286
1524578
1542002
1559558
1577247
1595069
1613025
1631115
1649340
1667700
1686196
1704828
1723597
1742503
1761547
1780729
1800050
1819510
1839110
1858850
1878731
1898753
1918917
1939223
1959672
1980264
2001000
2021880
2042905
2064075
2085391
2106853
2128462
2150218
2172122
2194174
2216375
2238725
2261225
2283875
2306676
2329628
2352732
2375988
2399397
2422959
2446675
2470545
2494570
2518750
2543086
2567578
2592227
2617033
2641997
2667119
2692400
2717840
2743440
2769200
2795121
2821203
2847447
2873853
2900422
2927154
2954050
2981110
3008335
3035725
3063281
3091003
3118892
3146948
3175172
3203564
3232125
3260855
3289755
3318825
3348066
3377478
3407062
3436818
3466747
3496849
3527125
3557575
3588200
3619000
3649976
3681128
3712457
3743963
3775647
3807509
3839550
3871770
3904170
3936750
3969511
4002453
4035577
4068883
4102372
4136044
4169900
4203940
4238165
4272575
4307171
4341953
4376922
4412078
4447422
4482954
4518675
4554585
4590685
4626975
4663456
4700128
4736992
4774048
4811297
4848739
4886375
4924205
4962230
5000450
5038866
5077478
5116287
5155293
5194497
5233899
5273500
5313300
5353300
5393500
5433901
5474503
5515307
5556313
5597522
5638934
5680550
5722370
5764395
5806625
5849061
5891703
5934552
5977608
6020872
6064344
6108025
6151915
6196015
6240325
6284846
6329578
6374522
6419678
6465047
6510629
6556425
6602435
6648660
6695100
6741756
6788628
6835717
6883023
6930547
6978289
7026250
7074430
7122830
7171450
7220291
7269353
7318637
7368143
7417872
7467824
7518000
7568400
7619025
7669875
7720951
7772253
7823782
7875538
7927522
7979734
8032175
8084845
8137745
8190875
8244236
8297828
8351652
8405708
8459997
8514519
8569275
8624265
8679490
8734950
8790646
8846578
8902747
8959153
9015797
9072679
9129800
9187160
9244760
9302600
9360681
9419003
9477567
9536373
9595422
9654714
9714250
9774030
9834055
9894325
9954841
10015603
10076612
10137868
10199372
10261124
10323125
10385375
10447875
10510625
10573626
10636878
10700382
10764138
10828147
10892409
10956925
11021695
11086720
11152000
11217536
11283328
11349377
11415683
11482247
11549069
11616150
11683490
11751090
11818950
11887071
11955453
12024097
12093003
12162172
12231604
12301300
12371260
12441485
12511975
12582731
12653753
12725042
12796598
12868422
12940514
13012875
13085505
13158405
13231575
13305016
13378728
13452712
13526968
13601497
13676299
13751375
13826725
13902350
13978250
14054426
14130878
14207607
14284613
14361897
14439459
14517300
14595420
14673820
14752500
14831461
14910703
14990227
15070033
15150122
15230494
15311150
15392090
15473315
15554825
15636621
15718703
15801072
15883728
15966672
16049904
16133425
16217235
16301335
16385725
16470406
16555378
16640642
16726198
16812047
16898189
16984625
17071355
17158380
17245700
17333316
17421228
17509437
17597943
17686747
17775849
17865250
17954950
18044950
18135250
18225851
18316753
18407957
18499463
18591272
18683384
18775800
18868520
18961545
19054875
19148511
19242453
19336702
19431258
19526122
19621294
19716775
19812565
19908665
20005075
20101796
20198828
20296172
20393828
20491797
20590079
20688675
20787585
20886810
20986350
21086206
21186378
21286867
21387673
21488797
21590239
21692000
21794080
21896480
21999200
22102241
22205603
22309287
22413293
22517622
22622274
22727250
22832550
22938175
23044125
23150401
23257003
23363932
23471188
23578772
23686684
23794925
23903495
24012395
24121625
24231186
24341078
24451302
24561858
24672747
24783969
24895525
25007415
25119640
25232200
25345096
25458328
25571897
25685803
25800047
25914629
26029550
26144810
26260410
26376350
26492631
26609253
26726217
26843523
26961172
27079164
27197500
27316180
27435205
27554575
27674291
27794353
27914762
28035518
28156622
28278074
28399875
28522025
28644525
28767375
28890576
29014128
29138032
29262288
29386897
29511859
29637175
29762845
29888870
30015250
30141986
30269078
30396527
30524333
30652497
30781019
30909900
31039140
31168740
31298700
31429021
31559703
31690747
31822153
31953922
32086054
32218550
32351410
32484635
32618225
32752181
32886503
33021192
33156248
33291672
33427464
33563625
33700155
33837055
33974325
34111966
34249978
34388362
34527118
34666247
34805749
34945625
35085875
35226500
35367500
35508876
35650628
35792757
35935263
36078147
36221409
36365050
36509070
36653470
36798250
36943411
37088953
37234877
37381183
37527872
37674944
37822400
37970240
38118465
38267075
38416071
38565453
38715222
38865378
39015922
39166854
39318175
39469885
39621985
39774475
39927356
40080628
40234292
40388348
40542797
40697639
40852875
41008505
41164530
41320950
41477766
41634978
41792587
41950593
42108997
42267799
42427000
42586600
42746600
42907000
43067801
43229003
43390607
43552613
43715022
43877834
44041050
44204670
44368695
44533125
44697961
44863203
45028852
45194908
45361372
45528244
45695525
45863215
46031315
46199825
46368746
46538078
46707822
46877978
47048547
47219529
47390925
47562735
47734960
47907600
48080656
48254128
48428017
48602323
48777047
48952189
49127750
49303730
49480130
49656950
49834191
50011853
50189937
50368443
50547372
50726724
50906500
51086700
51267325
51448375
51629851
51811753
51994082
52176838
52360022
52543634
52727675
52912145
53097045
53282375
53468136
53654328
53840952
54028008
54215497
54403419
54591775
54780565
54969790
55159450
55349546
55540078
55731047
55922453
56114297
56306579
56499300
56692460
56886060
57080100
57274581
57469503
57664867
57860673
58056922
58253614
58450750
58648330
58846355
59044825
59243741
59443103
59642912
59843168
60043872
60245024
60446625
60648675
60851175
61054125
61257526
61461378
61665682
61870438
62075647
62281309
62487425
62693995
62901020
63108500
63316436
63524828
63733677
63942983
64152747
64362969
64573650
64784790
64996390
65208450
65420971
65633953
65847397
66061303
66275672
66490504
66705800
66921560
67137785
67354475
67571631
67789253
68007342
68225898
68444922
68664414
68884375
69104805
69325705
69547075
69768916
69991228
70214012
70437268
70660997
70885199
71109875
71335025
71560650
71786750
72013326
72240378
72467907
72695913
72924397
73153359
73382800
73612720
73843120
74074000
74305361
74537203
74769527
75002333
75235622
75469394
75703650
75938390
76173615
76409325
76645521
76882203
77119372
77357028
77595172
77833804
78072925
78312535
78552635
78793225
79034306
79275878
79517942
79760498
80003547
80247089
80491125
80735655
80980680
81226200
81472216
81718728
81965737
82213243
82461247
82709749
82958750
60719628750
60739874250
60760124250
60780378750
60800637751
60820901253
60841169257
60861441763
60881718772
60902000284
60922286300
60942576820
60962871845
60983171375
61003475411
61023783953
61044097002
61064414558
61084736622
61105063194
61125394275
61145729865
61166069965
61186414575
61206763696
61227117328
61247475472
61267838128
61288205297
61308576979
61328953175
61349333885
61369719110
61390108850
61410503106
61430901878
61451305167
61471712973
61492125297
61512542139
61532963500
61553389380
61573819780
61594254700
61614694141
61635138103
61655586587
61676039593
61696497122
61716959174
61737425750
61757896850
61778372475
61798852625
61819337301
61839826503
61860320232
61880818488
61901321272
61921828584
61942340425
61962856795
61983377695
62003903125
62024433086
62044967578
62065506602
62086050158
62106598247
62127150869
62147708025
62168269715
62188835940
62209406700
62229981996
62250561828
62271146197
62291735103
62312328547
62332926529
62353529050
62374136110
62394747710
62415363850
62435984531
62456609753
62477239517
62497873823
62518512672
62539156064
62559804000
62580456480
62601113505
62621775075
62642441191
62663111853
62683787062
62704466818
62725151122
62745839974
62766533375
62787231325
62807933825
62828640875
62849352476
62870068628
62890789332
62911514588
62932244397
62952978759
62973717675
62994461145
63015209170
63035961750
63056718886
63077480578
63098246827
63119017633
63139792997
63160572919
63181357400
63202146440
63222940040
63243738200
63264540921
63285348203
63306160047
63326976453
63347797422
63368622954
63389453050
63410287710
63431126935
63451970725
63472819081
63493672003
63514529492
63535391548
63556258172
63577129364
63598005125
63618885455
63639770355
63660659825
63681553866
63702452478
63723355662
63744263418
63765175747
63786092649
63807014125
63827940175
63848870800
63869806000
63890745776
63911690128
63932639057
63953592563
63974550647
63995513309
64016480550
64037452370
64058428770
64079409750
64100395311
64121385453
64142380177
64163379483
64184383372
64205391844
64226404900
64247422540
64268444765
64289471575
64310502971
64331538953
64352579522
64373624678
64394674422
64415728754
64436787675
64457851185
64478919285
64499991975
64521069256
64542151128
64563237592
64584328648
64605424297
64626524539
64647629375
64668738805
64689852830
64710971450
64732094666
64753222478
64774354887
64795491893
64816633497
64837779699
64858930500
64880085900
64901245900
64922410500
64943579701
64964753503
64985931907
65007114913
65028302522
65049494734
65070691550
65091892970
65113098995
65134309625
65155524861
65176744703
65197969152
65219198208
65240431872
65261670144
65282913025
65304160515
65325412615
65346669325
65367930646
65389196578
65410467122
65431742278
65453022047
65474306429
65495595425
65516889035
65538187260
65559490100
65580797556
65602109628
65623426317
65644747623
65666073547
65687404089
65708739250
65730079030
65751423430
65772772450
65794126091
65815484353
65836847237
65858214743
65879586872
65900963624
65922345000
65943731000
65965121625
65986516875
66007916751
66029321253
66050730382
66072144138
66093562522
66114985534
66136413175
66157845445
66179282345
66200723875
66222170036
66243620828
66265076252
66286536308
66308000997
66329470319
66350944275
66372422865
66393906090
66415393950
66436886446
66458383578
66479885347
66501391753
66522902797
66544418479
66565938800
66587463760
66608993360
66630527600
66652066481
66673610003
66695158167
66716710973
66738268422
66759830514
66781397250
66802968630
66824544655
66846125325
66867710641
66889300603
66910895212
66932494468
66954098372
66975706924
66997320125
67018937975
67040560475
67062187625
67083819426
67105455878
67127096982
67148742738
67170393147
67192048209
67213707925
67235372295
67257041320
67278715000
67300393336
67322076328
67343763977
67365456283
67387153247
67408854869
67430561150
67452272090
67473987690
67495707950
67517432871
67539162453
67560896697
67582635603
67604379172
67626127404
67647880300
67669637860
67691400085
67713166975
67734938531
67756714753
67778495642
67800281198
67822071422
67843866314
67865665875
67887470105
67909279005
67931092575
67952910816
67974733728
67996561312
68018393568
68040230497
68062072099
68083918375
68105769325
68127624950
68149485250
68171350226
68193219878
68215094207
68236973213
68258856897
68280745259
68302638300
68324536020
68346438420
68368345500
68390257261
68412173703
68434094827
68456020633
68477951122
68499886294
68521826150
68543770690
68565719915
68587673825
68609632421
68631595703
68653563672
68675536328
68697513672
68719495704
68741482425
68763473835
68785469935
68807470725
68829476206
68851486378
68873501242
68895520798
68917545047
68939573989
68961607625
68983645955
69005688980
69027736700
69049789116
69071846228
69093908037
69115974543
69138045747
69160121649
69182202250
69204287550
69226377550
69248472250
69270571651
69292675753
69314784557
69336898063
69359016272
69381139184
69403266800
69425399120
69447536145
69469677875
69491824311
69513975453
69536131302
69558291858
69580457122
69602627094
69624801775
69646981165
69669165265
69691354075
69713547596
69735745828
69757948772
69780156428
69802368797
69824585879
69846807675
69869034185
69891265410
69913501350
69935742006
69957987378
69980237467
70002492273
70024751797
70047016039
70069285000
70091558680
70113837080
70136120200
70158408041
70180700603
70202997887
70225299893
70247606622
70269918074
70292234250
70314555150
70336880775
70359211125
70381546201
70403886003
70426230532
70448579788
70470933772
70493292484
70515655925
70538024095
70560396995
70582774625
70605156986
70627544078
70649935902
70672332458
70694733747
70717139769
70739550525
70761966015
70784386240
70806811200
70829240896
70851675328
70874114497
70896558403
70919007047
70941460429
70963918550
70986381410
71008849010
71031321350
71053798431
71076280253
71098766817
71121258123
71143754172
71166254964
71188760500
71211270780
71233785805
71256305575
71278830091
71301359353
71323893362
71346432118
71368975622
71391523874
71414076875
71436634625
71459197125
71481764375
71504336376
71526913128
71549494632
71572080888
71594671897
71617267659
71639868175
71662473445
71685083470
71707698250
71730317786
71752942078
71775571127
71798204933
71820843497
71843486819
71866134900
71888787740
71911445340
71934107700
71956774821
71979446703
72002123347
72024804753
72047490922
72070181854
72092877550
72115578010
72138283235
72160993225
72183707981
72206427503
72229151792
72251880848
72274614672
72297353264
72320096625
72342844755
72365597655
72388355325
72411117766
72433884978
72456656962
72479433718
72502215247
72525001549
72547792625
72570588475
72593389100
72616194500
72639004676
72661819628
72684639357
72707463863
72730293147
72753127209
72775966050
72798809670
72821658070
72844511250
72867369211
72890231953
72913099477
72935971783
72958848872
72981730744
73004617400
73027508840
73050405065
73073306075
73096211871
73119122453
73142037822
73164957978
73187882922
73210812654
73233747175
73256686485
73279630585
73302579475
73325533156
73348491628
73371454892
73394422948
73417395797
73440373439
73463355875
73486343105
73509335130
73532331950
73555333566
73578339978
73601351187
73624367193
73647387997
73670413599
73693444000
73716479200
73739519200
73762564000
73785613601
73808668003
73831727207
73854791213
73877860022
73900933634
73924012050
73947095270
73970183295
73993276125
74016373761
74039476203
74062583452
74085695508
74108812372
74131934044
74155060525
74178191815
74201327915
74224468825
74247614546
74270765078
74293920422
74317080578
74340245547
74363415329
74386589925
74409769335
74432953560
74456142600
74479336456
74502535128
74525738617
74548946923
74572160047
74595377989
74618600750
74641828330
74665060730
74688297950
74711539991
74734786853
74758038537
74781295043
74804556372
74827822524
74851093500
74874369300
74897649925
74920935375
74944225651
74967520753
74990820682
75014125438
75037435022
75060749434
75084068675
75107392745
75130721645
75154055375
75177393936
75200737328
75224085552
75247438608
75270796497
75294159219
75317526775
75340899165
75364276390
75387658450
75411045346
75434437078
75457833647
75481235053
75504641297
75528052379
75551468300
75574889060
75598314660
75621745100
75645180381
75668620503
75692065467
75715515273
75738969922
75762429414
75785893750
75809362930
75832836955
75856315825
75879799541
75903288103
75926781512
75950279768
75973782872
75997290824
76020803625
76044321275
76067843775
76091371125
76114903326
76138440378
76161982282
76185529038
76209080647
76232637109
76256198425
76279764595
76303335620
76326911500
76350492236
76374077828
76397668277
76421263583
76444863747
76468468769
76492078650
76515693390
76539312990
76562937450
76586566771
76610200953
76633839997
76657483903
76681132672
76704786304
76728444800
76752108160
76775776385
76799449475
76823127431
76846810253
76870497942
76894190498
76917887922
76941590214
76965297375
76989009405
77012726305
77036448075
77060174716
77083906228
77107642612
77131383868
77155129997
77178880999
77202636875
77226397625
77250163250
77273933750
77297709126
77321489378
77345274507
77369064513
77392859397
77416659159
77440463800
77464273320
77488087720
77511907000
77535731161
77559560203
77583394127
77607232933
77631076622
77654925194
77678778650
77702636990
77726500215
77750368325
77774241321
77798119203
77822001972
77845889628
77869782172
77893679604
77917581925
77941489135
77965401235
77989318225
78013240106
78037166878
78061098542
78085035098
78108976547
78132922889
78156874125
78180830255
78204791280
78228757200
78252728016
78276703728
78300684337
78324669843
78348660247
78372655549
78396655750
78420660850
78444670850
78468685750
78492705551
78516730253
78540759857
78564794363
78588833772
78612878084
78636927300
78660981420
78685040445
78709104375
78733173211
78757246953
78781325602
78805409158
78829497622
78853590994
78877689275
78901792465
78925900565
78950013575
78974131496
78998254328
79022382072
79046514728
79070652297
79094794779
79118942175
79143094485
79167251710
79191413850
79215580906
79239752878
79263929767
79288111573
79312298297
79336489939
79360686500
79384887980
79409094380
79433305700
79457521941
79481743103
79505969187
79530200193
79554436122
79578676974
79602922750
79627173450
79651429075
79675689625
79699955101
79724225503
79748500832
79772781088
79797066272
79821356384
79845651425
79869951395
79894256295
79918566125
79942880886
79967200578
79991525202
80015854758
80040189247
80064528669
80088873025
80113222315
80137576540
80161935700
80186299796
80210668828
80235042797
80259421703
80283805547
80308194329
80332588050
80356986710
80381390310
80405798850
80430212331
80454630753
80479054117
80503482423
80527915672
80552353864
80576797000
80601245080
80625698105
80650156075
80674618991
80699086853
80723559662
80748037418
80772520122
80797007774
80821500375
80845997925
80870500425
80895007875
80919520276
80944037628
80968559932
80993087188
81017619397
81042156559
81066698675
81091245745
81115797770
81140354750
81164916686
81189483578
81214055427
81238632233
81263213997
81287800719
81312392400
81336989040
81361590640
81386197200
81410808721
81435425203
81460046647
81484673053
81509304422
81533940754
81558582050
81583228310
81607879535
81632535725
81657196881
81681863003
81706534092
81731210148
81755891172
81780577164
81805268125
81829964055
81854664955
81879370825
81904081666
81928797478
81953518262
81978244018
82002974747
82027710449
82052451125
82077196775
82101947400
82126703000
82151463576
82176229128
82200999657
82225775163
82250555647
82275341109
82300131550
82324926970
82349727370
82374532750
82399343111
82424158453
82448978777
82473804083
82498634372
82523469644
82548309900
82573155140
82598005365
82622860575
82647720771
82672585953
82697456122
82722331278
82747211422
82772096554
82796986675
82821881785
82846781885
82871686975
82896597056
82921512128
82946432192
82971357248
82996287297
83021222339
83046162375
83071107405
83096057430
83121012450
83145972466
83170937478
83195907487
83220882493
83245862497
83270847499
83295837500
80854574666250
80857024866750
80859475116750
80861925416250
80864375765251
80866826163753
80869276611757
80871727109263
80874177656272
80876628252784
80879078898800
80881529594320
80883980339345
80886431133875
80888881977911
80891332871453
80893783814502
80896234807058
80898685849122
80901136940694
80903588081775
80906039272365
80908490512465
80910941802075
80913393141196
80915844529828
80918295967972
80920747455628
80923198992797
80925650579479
80928102215675
80930553901385
80933005636610
80935457421350
80937909255606
80940361139378
80942813072667
80945265055473
80947717087797
80950169169639
80952621301000
80955073481880
80957525712280
80959977992200
80962430321641
80964882700603
80967335129087
80969787607093
80972240134622
80974692711674
80977145338250
80979598014350
80982050739975
80984503515125
80986956339801
80989409214003
80991862137732
80994315110988
80996768133772
80999221206084
81001674327925
81004127499295
81006580720195
81009033990625
81011487310586
81013940680078
81016394099102
81018847567658
81021301085747
81023754653369
81026208270525
81028661937215
81031115653440
81033569419200
81036023234496
81038477099328
81040931013697
81043384977603
81045838991047
81048293054029
81050747166550
81053201328610
81055655540210
81058109801350
81060564112031
81063018472253
81065472882017
81067927341323
81070381850172
81072836408564
81075291016500
81077745673980
81080200381005
81082655137575
81085109943691
81087564799353
81090019704562
81092474659318
81094929663622
81097384717474
81099839820875
81102294973825
81104750176325
81107205428375
81109660729976
81112116081128
81114571481832
81117026932088
81119482431897
81121937981259
81124393580175
81126849228645
81129304926670
81131760674250
81134216471386
81136672318078
81139128214327
81141584160133
81144040155497
81146496200419
81148952294900
81151408438940
81153864632540
81156320875700
81158777168421
81161233510703
81163689902547
81166146343953
81168602834922
81171059375454
81173515965550
81175972605210
81178429294435
81180886033225
81183342821581
81185799659503
81188256546992
81190713484048
81193170470672
81195627506864
81198084592625
81200541727955
81202998912855
81205456147325
81207913431366
81210370764978
81212828148162
81215285580918
81217743063247
81220200595149
81222658176625
81225115807675
81227573488300
81230031218500
81232488998276
81234946827628
81237404706557
81239862635063
81242320613147
81244778640809
81247236718050
81249694844870
81252153021270
81254611247250
81257069522811
81259527847953
81261986222677
81264444646983
81266903120872
81269361644344
81271820217400
81274278840040
81276737512265
81279196234075
81281655005471
81284113826453
81286572697022
81289031617178
81291490586922
81293949606254
81296408675175
81298867793685
81301326961785
81303786179475
81306245446756
81308704763628
81311164130092
81313623546148
81316083011797
81318542527039
81321002091875
81323461706305
81325921370330
81328381083950
81330840847166
81333300659978
81335760522387
81338220434393
81340680395997
81343140407199
81345600468000
81348060578400
81350520738400
81352980948000
81355441207201
81357901516003
81360361874407
81362822282413
81365282740022
81367743247234
81370203804050
81372664410470
81375125066495
81377585772125
81380046527361
81382507332203
81384968186652
81387429090708
81389890044372
81392351047644
81394812100525
81397273203015
81399734355115
81402195556825
81404656808146
81407118109078
81409579459622
81412040859778
81414502309547
81416963808929
81419425357925
81421886956535
81424348604760
81426810302600
81429272050056
81431733847128
81434195693817
81436657590123
81439119536047
81441581531589
81444043576750
81446505671530
81448967815930
81451430009950
81453892253591
81456354546853
81458816889737
81461279282243
81463741724372
81466204216124
81468666757500
81471129348500
81473591989125
81476054679375
81478517419251
81480980208753
81483443047882
81485905936638
81488368875022
81490831863034
81493294900675
81495757987945
81498221124845
81500684311375
81503147547536
81505610833328
81508074168752
81510537553808
81513000988497
81515464472819
81517928006775
81520391590365
81522855223590
81525318906450
81527782638946
81530246421078
81532710252847
81535174134253
81537638065297
81540102045979
81542566076300
81545030156260
81547494285860
81549958465100
81552422693981
81554886972503
81557351300667
81559815678473
81562280105922
81564744583014
81567209109750
81569673686130
81572138312155
81574602987825
81577067713141
81579532488103
81581997312712
81584462186968
81586927110872
81589392084424
81591857107625
81594322180475
81596787302975
81599252475125
81601717696926
81604182968378
81606648289482
81609113660238
81611579080647
81614044550709
81616510070425
81618975639795
81621441258820
81623906927500
81626372645836
81628838413828
81631304231477
81633770098783
81636236015747
81638701982369
81641167998650
81643634064590
81646100180190
81648566345450
81651032560371
81653498824953
81655965139197
81658431503103
81660897916672
81663364379904
81665830892800
81668297455360
81670764067585
81673230729475
81675697441031
81678164202253
81680631013142
81683097873698
81685564783922
81688031743814
81690498753375
81692965812605
81695432921505
81697900080075
81700367288316
81702834546228
81705301853812
81707769211068
81710236617997
81712704074599
81715171580875
81717639136825
81720106742450
81722574397750
81725042102726
81727509857378
81729977661707
81732445515713
81734913419397
81737381372759
81739849375800
81742317428520
81744785530920
81747253683000
81749721884761
81752190136203
81754658437327
81757126788133
81759595188622
81762063638794
81764532138650
81767000688190
81769469287415
81771937936325
81774406634921
81776875383203
81779344181172
81781813028828
81784281926172
81786750873204
81789219869925
81791688916335
81794158012435
81796627158225
81799096353706
81801565598878
81804034893742
81806504238298
81808973632547
81811443076489
81813912570125
81816382113455
81818851706480
81821321349200
81823791041616
81826260783728
81828730575537
81831200417043
81833670308247
81836140249149
81838610239750
81841080280050
81843550370050
81846020509750
81848490699151
81850960938253
81853431227057
81855901565563
81858371953772
81860842391684
81863312879300
81865783416620
81868254003645
81870724640375
81873195326811
81875666062953
81878136848802
81880607684358
81883078569622
81885549504594
81888020489275
81890491523665
81892962607765
81895433741575
81897904925096
81900376158328
81902847441272
81905318773928
81907790156297
81910261588379
81912733070175
81915204601685
81917676182910
81920147813850
81922619494506
81925091224878
81927563004967
81930034834773
81932506714297
81934978643539
81937450622500
81939922651180
81942394729580
81944866857700
81947339035541
81949811263103
81952283540387
81954755867393
81957228244122
81959700670574
81962173146750
81964645672650
81967118248275
81969590873625
81972063548701
81974536273503
81977009048032
81979481872288
81981954746272
81984427669984
81986900643425
81989373666595
81991846739495
81994319862125
81996793034486
81999266256578
82001739528402
82004212849958
82006686221247
82009159642269
82011633113025
82014106633515
82016580203740
82019053823700
82021527493396
82024001212828
82026474981997
82028948800903
82031422669547
82033896587929
82036370556050
82038844573910
82041318641510
82043792758850
82046266925931
82048741142753
82051215409317
82053689725623
82056164091672
82058638507464
82061112973000
82063587488280
82066062053305
82068536668075
82071011332591
82073486046853
82075960810862
82078435624618
82080910488122
82083385401374
82085860364375
82088335377125
82090810439625
82093285551875
82095760713876
82098235925628
82100711187132
82103186498388
82105661859397
82108137270159
82110612730675
82113088240945
82115563800970
82118039410750
82120515070286
82122990779578
82125466538627
82127942347433
82130418205997
82132894114319
82135370072400
82137846080240
82140322137840
82142798245200
82145274402321
82147750609203
82150226865847
82152703172253
82155179528422
82157655934354
82160132390050
82162608895510
82165085450735
82167562055725
82170038710481
82172515415003
82174992169292
82177468973348
82179945827172
82182422730764
82184899684125
82187376687255
82189853740155
82192330842825
82194807995266
82197285197478
82199762449462
82202239751218
82204717102747
82207194504049
82209671955125
82212149455975
82214627006600
82217104607000
82219582257176
82222059957128
82224537706857
82227015506363
82229493355647
82231971254709
82234449203550
82236927202170
82239405250570
82241883348750
82244361496711
82246839694453
82249317941977
82251796239283
82254274586372
82256752983244
82259231429900
82261709926340
82264188472565
82266667068575
82269145714371
82271624409953
82274103155322
82276581950478
82279060795422
82281539690154
82284018634675
82286497628985
82288976673085
82291455766975
82293934910656
82296414104128
82298893347392
82301372640448
82303851983297
82306331375939
82308810818375
82311290310605
82313769852630
82316249444450
82318729086066
82321208777478
82323688518687
82326168309693
82328648150497
82331128041099
82333607981500
82336087971700
82338568011700
82341048101500
82343528241101
82346008430503
82348488669707
82350968958713
82353449297522
82355929686134
82358410124550
82360890612770
82363371150795
82365851738625
82368332376261
82370813063703
82373293800952
82375774588008
82378255424872
82380736311544
82383217248025
82385698234315
82388179270415
82390660356325
82393141492046
82395622677578
82398103912922
82400585198078
82403066533047
82405547917829
82408029352425
82410510836835
82412992371060
82415473955100
82417955588956
82420437272628
82422919006117
82425400789423
82427882622547
82430364505489
82432846438250
82435328420830
82437810453230
82440292535450
82442774667491
82445256849353
82447739081037
82450221362543
82452703693872
82455186075024
82457668506000
82460150986800
82462633517425
82465116097875
82467598728151
82470081408253
82472564138182
82475046917938
82477529747522
82480012626934
82482495556175
82484978535245
82487461564145
82489944642875
82492427771436
82494910949828
82497394178052
82499877456108
82502360783997
82504844161719
82507327589275
82509811066665
82512294593890
82514778170950
82517261797846
82519745474578
82522229201147
82524712977553
82527196803797
82529680679879
82532164605800
82534648581560
82537132607160
82539616682600
82542100807881
82544584983003
82547069207967
82549553482773
82552037807422
82554522181914
82557006606250
82559491080430
82561975604455
82564460178325
82566944802041
82569429475603
82571914199012
82574398972268
82576883795372
82579368668324
82581853591125
82584338563775
82586823586275
82589308658625
82591793780826
82594278952878
82596764174782
82599249446538
82601734768147
82604220139609
82606705560925
82609191032095
82611676553120
82614162124000
82616647744736
82619133415328
82621619135777
82624104906083
82626590726247
82629076596269
82631562516150
82634048485890
82636534505490
82639020574950
82641506694271
82643992863453
82646479082497
82648965351403
82651451670172
82653938038804
82656424457300
82658910925660
82661397443885
82663884011975
82666370629931
82668857297753
82671344015442
82673830782998
82676317600422
82678804467714
82681291384875
82683778351905
82686265368805
82688752435575
82691239552216
82693726718728
82696213935112
82698701201368
82701188517497
82703675883499
82706163299375
82708650765125
82711138280750
82713625846250
82716113461626
82718601126878
82721088842007
82723576607013
82726064421897
82728552286659
82731040201300
82733528165820
82736016180220
82738504244500
82740992358661
82743480522703
82745968736627
82748457000433
82750945314122
82753433677694
82755922091150
82758410554490
82760899067715
82763387630825
82765876243821
82768364906703
82770853619472
82773342382128
82775831194672
82778320057104
82780808969425
82783297931635
82785786943735
82788276005725
82790765117606
82793254279378
82795743491042
82798232752598
82800722064047
82803211425389
82805700836625
82808190297755
82810679808780
82813169369700
82815658980516
82818148641228
82820638351837
82823128112343
82825617922747
82828107783049
82830597693250
82833087653350
82835577663350
82838067723250
82840557833051
82843047992753
82845538202357
82848028461863
82850518771272
82853009130584
82855499539800
82857989998920
82860480507945
82862971066875
82865461675711
82867952334453
82870443043102
82872933801658
82875424610122
82877915468494
82880406376775
82882897334965
82885388343065
82887879401075
82890370508996
82892861666828
82895352874572
82897844132228
82900335439797
82902826797279
82905318204675
82907809661985
82910301169210
82912792726350
82915284333406
82917775990378
82920267697267
82922759454073
82925251260797
82927743117439
82930235024000
82932726980480
82935218986880
82937711043200
82940203149441
82942695305603
82945187511687
82947679767693
82950172073622
82952664429474
82955156835250
82957649290950
82960141796575
82962634352125
82965126957601
82967619613003
82970112318332
82972605073588
82975097878772
82977590733884
82980083638925
82982576593895
82985069598795
82987562653625
82990055758386
82992548913078
82995042117702
82997535372258
83000028676747
83002522031169
83005015435525
83007508889815
83010002394040
83012495948200
83014989552296
83017483206328
83019976910297
83022470664203
83024964468047
83027458321829
83029952225550
83032446179210
83034940182810
83037434236350
83039928339831
83042422493253
83044916696617
83047410949923
83049905253172
83052399606364
83054894009500
83057388462580
83059882965605
83062377518575
83064872121491
83067366774353
83069861477162
83072356229918
83074851032622
83077345885274
83079840787875
83082335740425
83084830742925
83087325795375
83089820897776
83092316050128
83094811252432
83097306504688
83099801806897
83102297159059
83104792561175
83107288013245
83109783515270
83112279067250
83114774669186
83117270321078
83119766022927
83122261774733
83124757576497
83127253428219
83129749329900
83132245281540
83134741283140
83137237334700
83139733436221
83142229587703
83144725789147
83147222040553
83149718341922
83152214693254
83154711094550
83157207545810
83159704047035
83162200598225
83164697199381
83167193850503
83169690551592
83172187302648
83174684103672
83177180954664
83179677855625
83182174806555
83184671807455
83187168858325
83189665959166
83192163109978
83194660310762
83197157561518
83199654862247
83202152212949
83204649613625
83207147064275
83209644564900
83212142115500
83214639716076
83217137366628
83219635067157
83222132817663
83224630618147
83227128468609
83229626369050
83232124319470
83234622319870
83237120370250
83239618470611
83242116620953
83244614821277
83247113071583
83249611371872
83252109722144
83254608122400
83257106572640
83259605072865
83262103623075
83264602223271
83267100873453
83269599573622
83272098323778
83274597123922
83277095974054
83279594874175
83282093824285
83284592824385
83287091874475
83289590974556
83292090124628
83294589324692
83297088574748
83299587874797
83302087224839
83304586624875
83307086074905
83309585574930
83312085124950
83314584724966
83317084374978
83319584074987
83322083824993
83324583624997
83327083474999
83329583375000
83083209000041250
83083458499791750
83083708000041750
83083957500791250
83084207002040251
83084456503788753
83084706006036757
83084955508784263
83085205012031272
83085454515777784
83085704020023800
83085953524769320
83086203030014345
83086452535758875
83086702042002911
83086951548746453
83087201055989502
83087450563732058
83087700071974122
83087949580715694
83088199089956775
83088448599697365
83088698109937465
83088947620677075
83089197131916196
83089446643654828
83089696155892972
83089945668630628
83090195181867797
83090444695604479
83090694209840675
83090943724576385
83091193239811610
83091442755546350
83091692271780606
83091941788514378
83092191305747667
83092440823480473
83092690341712797
83092939860444639
83093189379676000
83093438899406880
83093688419637280
83093937940367200
83094187461596641
83094436983325603
83094686505554087
83094936028282093
83095185551509622
83095435075236674
83095684599463250
83095934124189350
83096183649414975
83096433175140125
83096682701364801
83096932228089003
83097181755312732
83097431283035988
83097680811258772
83097930339981084
83098179869202925
83098429398924295
83098678929145195
83098928459865625
83099177991085586
83099427522805078
83099677055024102
83099926587742658
83100176120960747
83100425654678369
83100675188895525
83100924723612215
83101174258828440
83101423794544200
83101673330759496
83101922867474328
83102172404688697
83102421942402603
83102671480616047
83102921019329029
83103170558541550
83103420098253610
83103669638465210
83103919179176350
83104168720387031
83104418262097253
83104667804307017
83104917347016323
83105166890225172
83105416433933564
83105665978141500
83105915522848980
83106165068056005
83106414613762575
83106664159968691
83106913706674353
83107163253879562
83107412801584318
83107662349788622
83107911898492474
83108161447695875
83108410997398825
83108660547601325
83108910098303375
83109159649504976
83109409201206128
83109658753406832
83109908306107088
83110157859306897
83110407413006259
83110656967205175
83110906521903645
83111156077101670
83111405632799250
83111655188996386
83111904745693078
83112154302889327
83112403860585133
83112653418780497
83112902977475419
83113152536669900
83113402096363940
83113651656557540
83113901217250700
83114150778443421
83114400340135703
83114649902327547
83114899465018953
83115149028209922
83115398591900454
83115648156090550
83115897720780210
83116147285969435
83116396851658225
83116646417846581
83116895984534503
83117145551721992
83117395119409048
83117644687595672
83117894256281864
83118143825467625
83118393395152955
83118642965337855
83118892536022325
83119142107206366
83119391678889978
83119641251073162
83119890823755918
83120140396938247
83120389970620149
83120639544801625
83120889119482675
83121138694663300
83121388270343500
83121637846523276
83121887423202628
83122137000381557
83122386578060063
83122636156238147
83122885734915809
83123135314093050
83123384893769870
83123634473946270
83123884054622250
83124133635797811
83124383217472953
83124632799647677
83124882382321983
83125131965495872
83125381549169344
83125631133342400
83125880718015040
83126130303187265
83126379888859075
83126629475030471
83126879061701453
83127128648872022
83127378236542178
83127627824711922
83127877413381254
83128127002550175
83128376592218685
83128626182386785
83128875773054475
83129125364221756
83129374955888628
83129624548055092
83129874140721148
83130123733886797
83130373327552039
83130622921716875
83130872516381305
83131122111545330
83131371707208950
83131621303372166
83131870900034978
83132120497197387
83132370094859393
83132619693020997
83132869291682199
83133118890843000
83133368490503400
83133618090663400
83133867691323000
83134117292482201
83134366894141003
83134616496299407
83134866098957413
83135115702115022
83135365305772234
83135614909929050
83135864514585470
83136114119741495
83136363725397125
83136613331552361
83136862938207203
83137112545361652
83137362153015708
83137611761169372
83137861369822644
83138110978975525
83138360588628015
83138610198780115
83138859809431825
83139109420583146
83139359032234078
83139608644384622
83139858257034778
83140107870184547
83140357483833929
83140607097982925
83140856712631535
83141106327779760
83141355943427600
83141605559575056
83141855176222128
83142104793368817
83142354411015123
83142604029161047
83142853647806589
83143103266951750
83143352886596530
83143602506740930
83143852127384950
83144101748528591
83144351370171853
83144600992314737
83144850614957243
83145100238099372
83145349861741124
83145599485882500
83145849110523500
83146098735664125
83146348361304375
83146597987444251
83146847614083753
83147097241222882
83147346868861638
83147596497000022
83147846125638034
83148095754775675
83148345384412945
83148595014549845
83148844645186375
83149094276322536
83149343907958328
83149593540093752
83149843172728808
83150092805863497
83150342439497819
83150592073631775
83150841708265365
83151091343398590
83151340979031450
83151590615163946
83151840251796078
83152089888927847
83152339526559253
83152589164690297
83152838803320979
83153088442451300
83153338082081260
83153587722210860
83153837362840100
83154087003968981
83154336645597503
83154586287725667
83154835930353473
83155085573480922
83155335217108014
83155584861234750
83155834505861130
83156084150987155
83156333796612825
83156583442738141
83156833089363103
83157082736487712
83157332384111968
83157582032235872
83157831680859424
83158081329982625
83158330979605475
83158580629727975
83158830280350125
83159079931471926
83159329583093378
83159579235214482
83159828887835238
83160078540955647
83160328194575709
83160577848695425
83160827503314795
83161077158433820
83161326814052500
83161576470170836
83161826126788828
83162075783906477
83162325441523783
83162575099640747
83162824758257369
83163074417373650
83163324076989590
83163573737105190
83163823397720450
83164073058835371
83164322720449953
83164572382564197
83164822045178103
83165071708291672
83165321371904904
83165571036017800
83165820700630360
83166070365742585
83166320031354475
83166569697466031
83166819364077253
83167069031188142
83167318698798698
83167568366908922
83167818035518814
83168067704628375
83168317374237605
83168567044346505
83168816714955075
83169066386063316
83169316057671228
83169565729778812
83169815402386068
83170065075492997
83170314749099599
83170564423205875
83170814097811825
83171063772917450
83171313448522750
83171563124627726
83171812801232378
83172062478336707
83172312155940713
83172561834044397
83172811512647759
83173061191750800
83173310871353520
83173560551455920
83173810232058000
83174059913159761
83174309594761203
83174559276862327
83174808959463133
83175058642563622
83175308326163794
83175558010263650
83175807694863190
83176057379962415
83176307065561325
83176556751659921
83176806438258203
83177056125356172
83177305812953828
83177555501051172
83177805189648204
83178054878744925
83178304568341335
83178554258437435
83178803949033225
83179053640128706
83179303331723878
83179553023818742
83179802716413298
83180052409507547
83180302103101489
83180551797195125
83180801491788455
83181051186881480
83181300882474200
83181550578566616
83181800275158728
83182049972250537
83182299669842043
83182549367933247
83182799066524149
83183048765614750
83183298465205050
83183548165295050
83183797865884750
83184047566974151
83184297268563253
83184546970652057
83184796673240563
83185046376328772
83185296079916684
83185545784004300
83185795488591620
83186045193678645
83186294899265375
83186544605351811
83186794311937953
83187044019023802
83187293726609358
83187543434694622
83187793143279594
83188042852364275
83188292561948665
83188542272032765
83188791982616575
83189041693700096
83189291405283328
83189541117366272
83189790829948928
83190040543031297
83190290256613379
83190539970695175
83190789685276685
83191039400357910
83191289115938850
83191538832019506
83191788548599878
83192038265679967
83192287983259773
83192537701339297
83192787419918539
83193037138997500
83193286858576180
83193536578654580
83193786299232700
83194036020310541
83194285741888103
83194535463965387
83194785186542393
83195034909619122
83195284633195574
83195534357271750
83195784081847650
83196033806923275
83196283532498625
83196533258573701
83196782985148503
83197032712223032
83197282439797288
83197532167871272
83197781896444984
83198031625518425
83198281355091595
83198531085164495
83198780815737125
83199030546809486
83199280278381578
83199530010453402
83199779743024958
83200029476096247
83200279209667269
83200528943738025
83200778678308515
83201028413378740
83201278148948700
83201527885018396
83201777621587828
83202027358656997
83202277096225903
83202526834294547
83202776572862929
83203026311931050
83203276051498910
83203525791566510
83203775532133850
83204025273200931
83204275014767753
83204524756834317
83204774499400623
83205024242466672
83205273986032464
83205523730098000
83205773474663280
83206023219728305
83206272965293075
83206522711357591
83206772457921853
83207022204985862
83207271952549618
83207521700613122
83207771449176374
83208021198239375
83208270947802125
83208520697864625
83208770448426875
83209020199488876
83209269951050628
83209519703112132
83209769455673388
83210019208734397
83210268962295159
83210518716355675
83210768470915945
83211018225975970
83211267981535750
83211517737595286
83211767494154578
83212017251213627
83212267008772433
83212516766830997
83212766525389319
83213016284447400
83213266044005240
83213515804062840
83213765564620200
83214015325677321
83214265087234203
83214514849290847
83214764611847253
83215014374903422
83215264138459354
83215513902515050
83215763667070510
83216013432125735
83216263197680725
83216512963735481
83216762730290003
83217012497344292
83217262264898348
83217512032952172
83217761801505764
83218011570559125
83218261340112255
83218511110165155
83218760880717825
83219010651770266
83219260423322478
83219510195374462
83219759967926218
83220009740977747
83220259514529049
83220509288580125
83220759063130975
83221008838181600
83221258613732000
83221508389782176
83221758166332128
83222007943381857
83222257720931363
83222507498980647
83222757277529709
83223007056578550
83223256836127170
83223506616175570
83223756396723750
83224006177771711
83224255959319453
83224505741366977
83224755523914283
83225005306961372
83225255090508244
83225504874554900
83225754659101340
83226004444147565
83226254229693575
83226504015739371
83226753802284953
83227003589330322
83227253376875478
83227503164920422
83227752953465154
83228002742509675
83228252532053985
83228502322098085
83228752112641975
83229001903685656
83229251695229128
83229501487272392
83229751279815448
83230001072858297
83230250866400939
83230500660443375
83230750454985605
83231000250027630
83231250045569450
83231499841611066
83231749638152478
83231999435193687
83232249232734693
83232499030775497
83232748829316099
83232998628356500
83233248427896700
83233498227936700
83233748028476500
83233997829516101
83234247631055503
83234497433094707
83234747235633713
83234997038672522
83235246842211134
83235496646249550
83235746450787770
83235996255825795
83236246061363625
83236495867401261
83236745673938703
83236995480975952
83237245288513008
83237495096549872
83237744905086544
83237994714123025
83238244523659315
83238494333695415
83238744144231325
83238993955267046
83239243766802578
83239493578837922
83239743391373078
83239993204408047
83240243017942829
83240492831977425
83240742646511835
83240992461546060
83241242277080100
83241492093113956
83241741909647628
83241991726681117
83242241544214423
83242491362247547
83242741180780489
83242990999813250
83243240819345830
83243490639378230
83243740459910450
83243990280942491
83244240102474353
83244489924506037
83244739747037543
83244989570068872
83245239393600024
83245489217631000
83245739042161800
83245988867192425
83246238692722875
83246488518753151
83246738345283253
83246988172313182
83247237999842938
83247487827872522
83247737656401934
83247987485431175
83248237314960245
83248487144989145
83248736975517875
83248986806546436
83249236638074828
83249486470103052
83249736302631108
83249986135658997
83250235969186719
83250485803214275
83250735637741665
83250985472768890
83251235308295950
83251485144322846
83251734980849578
83251984817876147
83252234655402553
83252484493428797
83252734331954879
83252984170980800
83253234010506560
83253483850532160
83253733691057600
83253983532082881
83254233373608003
83254483215632967
83254733058157773
83254982901182422
83255232744706914
83255482588731250
83255732433255430
83255982278279455
83256232123803325
83256481969827041
83256731816350603
83256981663374012
83257231510897268
83257481358920372
83257731207443324
83257981056466125
83258230905988775
83258480756011275
83258730606533625
83258980457555826
83259230309077878
83259480161099782
83259730013621538
83259979866643147
83260229720164609
83260479574185925
83260729428707095
83260979283728120
83261229139249000
83261478995269736
83261728851790328
83261978708810777
83262228566331083
83262478424351247
83262728282871269
83262978141891150
83263228001410890
83263477861430490
83263727721949950
83263977582969271
83264227444488453
83264477306507497
83264727169026403
83264977032045172
83265226895563804
83265476759582300
83265726624100660
83265976489118885
83266226354636975
83266476220654931
83266726087172753
83266975954190442
83267225821707998
83267475689725422
83267725558242714
83267975427259875
83268225296776905
83268475166793805
83268725037310575
83268974908327216
83269224779843728
83269474651860112
83269724524376368
83269974397392497
83270224270908499
83270474144924375
83270724019440125
83270973894455750
83271223769971250
83271473645986626
83271723522501878
83271973399517007
83272223277032013
83272473155046897
83272723033561659
83272972912576300
83273222792090820
83273472672105220
83273722552619500
83273972433633661
83274222315147703
83274472197161627
83274722079675433
83274971962689122
83275221846202694
83275471730216150
83275721614729490
83275971499742715
83276221385255825
83276471271268821
83276721157781703
83276971044794472
83277220932307128
83277470820319672
83277720708832104
83277970597844425
83278220487356635
83278470377368735
83278720267880725
83278970158892606
83279220050404378
83279469942416042
83279719834927598
83279969727939047
83280219621450389
83280469515461625
83280719409972755
83280969304983780
83281219200494700
83281469096505516
83281718993016228
83281968890026837
83282218787537343
83282468685547747
83282718584058049
83282968483068250
83283218382578350
83283468282588350
83283718183098250
83283968084108051
83284217985617753
83284467887627357
83284717790136863
83284967693146272
83285217596655584
83285467500664800
83285717405173920
83285967310182945
83286217215691875
83286467121700711
83286717028209453
83286966935218102
83287216842726658
83287466750735122
83287716659243494
83287966568251775
83288216477759965
83288466387768065
83288716298276075
83288966209283996
83289216120791828
83289466032799572
83289715945307228
83289965858314797
83290215771822279
83290465685829675
83290715600336985
83290965515344210
83291215430851350
83291465346858406
83291715263365378
83291965180372267
83292215097879073
83292465015885797
83292714934392439
83292964853399000
83293214772905480
83293464692911880
83293714613418200
83293964534424441
83294214455930603
83294464377936687
83294714300442693
83294964223448622
83295214146954474
83295464070960250
83295713995465950
83295963920471575
83296213845977125
83296463771982601
83296713698488003
83296963625493332
83297213552998588
83297463481003772
83297713409508884
83297963338513925
83298213268018895
83298463198023795
83298713128528625
83298963059533386
83299212991038078
83299462923042702
83299712855547258
83299962788551747
83300212722056169
83300462656060525
83300712590564815
83300962525569040
83301212461073200
83301462397077296
83301712333581328
83301962270585297
83302212208089203
83302462146093047
83302712084596829
83302962023600550
83303211963104210
83303461903107810
83303711843611350
83303961784614831
83304211726118253
83304461668121617
83304711610624923
83304961553628172
83305211497131364
83305461441134500
83305711385637580
83305961330640605
83306211276143575
83306461222146491
83306711168649353
83306961115652162
83307211063154918
83307461011157622
83307710959660274
83307960908662875
83308210858165425
83308460808167925
83308710758670375
83308960709672776
83309210661175128
83309460613177432
83309710565679688
83309960518681897
83310210472184059
83310460426186175
83310710380688245
83310960335690270
83311210291192250
83311460247194186
83311710203696078
83311960160697927
83312210118199733
83312460076201497
83312710034703219
83312959993704900
83313209953206540
83313459913208140
83313709873709700
83313959834711221
83314209796212703
83314459758214147
83314709720715553
83314959683716922
83315209647218254
83315459611219550
83315709575720810
83315959540722035
83316209506223225
83316459472224381
83316709438725503
83316959405726592
83317209373227648
83317459341228672
83317709309729664
83317959278730625
83318209248231555
83318459218232455
83318709188733325
83318959159734166
83319209131234978
83319459103235762
83319709075736518
83319959048737247
83320209022237949
83320458996238625
83320708970739275
83320958945739900
83321208921240500
83321458897241076
83321708873741628
83321958850742157
83322208828242663
83322458806243147
83322708784743609
83322958763744050
83323208743244470
83323458723244870
83323708703745250
83323958684745611
83324208666245953
83324458648246277
83324708630746583
83324958613746872
83325208597247144
83325458581247400
83325708565747640
83325958550747865
83326208536248075
83326458522248271
83326708508748453
83326958495748622
83327208483248778
83327458471248922
83327708459749054
83327958448749175
83328208438249285
83328458428249385
83328708418749475
83328958409749556
83329208401249628
83329458393249692
83329708385749748
83329958378749797
83330208372249839
83330458366249875
83330708360749905
83330958355749930
83331208351249950
83331458347249966
83331708343749978
83331958340749987
83332208338249993
83332458336249997
83332708334749999
83332958333750000
0
