110 413812 10 12
7875
34 907 334 567 793 458 442 224 867 197 414 752
8995
487 746 72 519 260 632 663 858 391 423 242 22
487
993 357 24 264 47 749 170 71 315 654 529 448
8476
395 645 982 146 836 158 582 908 677 533 230 29
6918
621 453 323 333 332 5 381 356 269 428 104 130
1810
109 784 718 557 351 804 202 22 640 728 180 222
9160
547 445 555 576 525 867 28 848 199 360 854 580
8457
813 698 510 633 887 310 416 295 557 457 98 449
7809
738 176 349 650 812 896 94 366 472 620 232 500
4928
122 551 701 392 957 204 781 467 837 357 467 253
